  -1.2857142857142856     
 -0.85714285714285710     
 -0.42857142857142855     
   0.0000000000000000     
  0.42857142857142855     
  0.85714285714285710     
   1.2857142857142856     
   1.7142857142857142     
   2.1428571428571428     
   2.5714285714285712     
   3.0000000000000000     
   3.4285714285714284     
   3.8571428571428568     
   4.2857142857142856     
   4.7142857142857144     
   5.1428571428571423     
   5.5714285714285712     
   6.0000000000000000     
   6.4285714285714279     
   6.8571428571428568     
   7.2857142857142856     
   7.7142857142857135     
   8.1428571428571423     
   8.5714285714285712     
   9.0000000000000000     
   9.4285714285714288     
   9.8571428571428559     
   10.285714285714285     
   10.714285714285714     
   11.142857142857142     
   11.571428571428571     
   12.000000000000000     
   12.428571428571427     
   12.857142857142856     
   13.285714285714285     
   13.714285714285714     
   14.142857142857142     
   14.571428571428571     
   15.000000000000000     
   15.428571428571427     
   15.857142857142856     
   16.285714285714285     
   16.714285714285712     
   17.142857142857142     
   17.571428571428569     
   18.000000000000000     
   18.428571428571427     
   18.857142857142858     
   19.285714285714285     
   19.714285714285712     
   20.142857142857142     
   20.571428571428569     
   21.000000000000000     
   21.428571428571427     
   21.857142857142858     
   22.285714285714285     
   22.714285714285712     
   23.142857142857142     
   23.571428571428569     
   24.000000000000000     
   24.428571428571427     
   24.857142857142854     
   25.285714285714285     
   25.714285714285712     
   26.142857142857142     
   26.571428571428569     
   27.000000000000000     
   27.428571428571427     
   27.857142857142854     
   28.285714285714285     
   28.714285714285712     
