  -5.0892857142857142E-002
  -3.3928571428571426E-002
  -1.6964285714285713E-002
   0.0000000000000000     
   1.6964285714285713E-002
   3.3928571428571426E-002
   5.0892857142857142E-002
   6.7857142857142852E-002
   8.4821428571428562E-002
  0.10178571428571428     
  0.11874999999999999     
  0.13571428571428570     
  0.15267857142857141     
  0.16964285714285712     
  0.18660714285714283     
  0.20357142857142857     
  0.22053571428571428     
  0.23749999999999999     
  0.25446428571428570     
  0.27142857142857141     
  0.28839285714285712     
  0.30535714285714283     
  0.32232142857142854     
  0.33928571428571425     
  0.35624999999999996     
  0.37321428571428567     
  0.39017857142857137     
  0.40714285714285714     
  0.42410714285714285     
  0.44107142857142856     
  0.45803571428571427     
  0.47499999999999998     
  0.49196428571428569     
  0.50892857142857140     
  0.52589285714285705     
  0.54285714285714282     
  0.55982142857142858     
  0.57678571428571423     
  0.59375000000000000     
  0.61071428571428565     
  0.62767857142857142     
  0.64464285714285707     
  0.66160714285714284     
  0.67857142857142849     
  0.69553571428571426     
  0.71249999999999991     
  0.72946428571428568     
  0.74642857142857133     
  0.76339285714285710     
  0.78035714285714275     
  0.79732142857142851     
  0.81428571428571428     
  0.83124999999999993     
  0.84821428571428570     
  0.86517857142857135     
  0.88214285714285712     
  0.89910714285714277     
  0.91607142857142854     
  0.93303571428571419     
  0.94999999999999996     
  0.96696428571428561     
  0.98392857142857137     
   1.0008928571428570     
   1.0178571428571428     
   1.0348214285714286     
   1.0517857142857141     
   1.0687499999999999     
   1.0857142857142856     
   1.1026785714285714     
   1.1196428571428572     
   1.1366071428571427     
   1.1535714285714285     
   1.1705357142857142     
   1.1875000000000000     
   1.2044642857142855     
   1.2214285714285713     
   1.2383928571428571     
   1.2553571428571428     
   1.2723214285714284     
   1.2892857142857141     
   1.3062499999999999     
   1.3232142857142857     
   1.3401785714285712     
   1.3571428571428570     
   1.3741071428571427     
   1.3910714285714285     
   1.4080357142857143     
   1.4249999999999998     
   1.4419642857142856     
   1.4589285714285714     
   1.4758928571428571     
   1.4928571428571427     
   1.5098214285714284     
   1.5267857142857142     
   1.5437500000000000     
   1.5607142857142855     
   1.5776785714285713     
   1.5946428571428570     
   1.6116071428571428     
   1.6285714285714286     
   1.6455357142857141     
   1.6624999999999999     
   1.6794642857142856     
   1.6964285714285714     
   1.7133928571428569     
   1.7303571428571427     
   1.7473214285714285     
   1.7642857142857142     
   1.7812499999999998     
   1.7982142857142855     
   1.8151785714285713     
   1.8321428571428571     
   1.8491071428571426     
   1.8660714285714284     
   1.8830357142857141     
   1.8999999999999999     
   1.9169642857142857     
   1.9339285714285712     
   1.9508928571428570     
   1.9678571428571427     
   1.9848214285714285     
   2.0017857142857141     
   2.0187499999999998     
   2.0357142857142856     
   2.0526785714285714     
   2.0696428571428571     
   2.0866071428571429     
   2.1035714285714282     
   2.1205357142857140     
   2.1374999999999997     
   2.1544642857142855     
   2.1714285714285713     
   2.1883928571428570     
   2.2053571428571428     
   2.2223214285714286     
   2.2392857142857143     
   2.2562499999999996     
   2.2732142857142854     
   2.2901785714285712     
   2.3071428571428569     
   2.3241071428571427     
   2.3410714285714285     
   2.3580357142857142     
   2.3750000000000000     
   2.3919642857142853     
   2.4089285714285711     
   2.4258928571428569     
   2.4428571428571426     
   2.4598214285714284     
   2.4767857142857141     
   2.4937499999999999     
   2.5107142857142857     
   2.5276785714285714     
   2.5446428571428568     
   2.5616071428571425     
   2.5785714285714283     
   2.5955357142857141     
   2.6124999999999998     
   2.6294642857142856     
   2.6464285714285714     
   2.6633928571428571     
   2.6803571428571424     
   2.6973214285714282     
   2.7142857142857140     
   2.7312499999999997     
   2.7482142857142855     
   2.7651785714285713     
   2.7821428571428570     
   2.7991071428571428     
   2.8160714285714286     
   2.8330357142857139     
   2.8499999999999996     
   2.8669642857142854     
   2.8839285714285712     
   2.9008928571428569     
   2.9178571428571427     
   2.9348214285714285     
   2.9517857142857142     
   2.9687499999999996     
   2.9857142857142853     
   3.0026785714285711     
   3.0196428571428569     
   3.0366071428571426     
   3.0535714285714284     
   3.0705357142857141     
   3.0874999999999999     
   3.1044642857142857     
   3.1214285714285710     
   3.1383928571428568     
   3.1553571428571425     
   3.1723214285714283     
   3.1892857142857141     
   3.2062499999999998     
   3.2232142857142856     
   3.2401785714285714     
   3.2571428571428571     
   3.2741071428571424     
   3.2910714285714282     
   3.3080357142857140     
   3.3249999999999997     
   3.3419642857142855     
   3.3589285714285713     
   3.3758928571428570     
   3.3928571428571428     
   3.4098214285714281     
   3.4267857142857139     
   3.4437499999999996     
   3.4607142857142854     
   3.4776785714285712     
   3.4946428571428569     
   3.5116071428571427     
   3.5285714285714285     
   3.5455357142857142     
   3.5624999999999996     
   3.5794642857142853     
   3.5964285714285711     
   3.6133928571428569     
   3.6303571428571426     
   3.6473214285714284     
   3.6642857142857141     
   3.6812499999999999     
   3.6982142857142852     
   3.7151785714285710     
   3.7321428571428568     
   3.7491071428571425     
   3.7660714285714283     
   3.7830357142857141     
   3.7999999999999998     
   3.8169642857142856     
   3.8339285714285714     
