    4.2857142857E-01    1.0094846917E+00    4.0039791082E-03    3.4767179989E-03    8.2988745865E-02
    8.5714285714E-01    1.0189543476E+00    4.0079138223E-03    3.4698949098E-03    8.3733025819E-02
    1.2857142857E+00    1.0284093226E+00    4.0118064571E-03    3.4631645349E-03    8.4475853617E-02
    1.7142857143E+00    1.0378498205E+00    4.0156579178E-03    3.4565246040E-03    8.5217248882E-02
    2.1428571429E+00    1.0472760396E+00    4.0194690810E-03    3.4499729257E-03    8.5957230760E-02
    2.5714285714E+00    1.0566881736E+00    4.0232407955E-03    3.4435073851E-03    8.6695817936E-02
    3.0000000000E+00    1.0660864113E+00    4.0269738832E-03    3.4371259398E-03    8.7433028650E-02
    3.4285714286E+00    1.0754709372E+00    4.0306691405E-03    3.4308266172E-03    8.8168880709E-02
    3.8571428571E+00    1.0848419311E+00    4.0343273391E-03    3.4246075112E-03    8.8903391509E-02
    4.2857142857E+00    1.0941995687E+00    4.0379492272E-03    3.4184667789E-03    8.9636578040E-02
    4.7142857143E+00    1.1035440215E+00    4.0415355305E-03    3.4124026386E-03    9.0368456906E-02
    5.1428571429E+00    1.1128754572E+00    4.0450869528E-03    3.4064133667E-03    9.1099044335E-02
    5.5714285714E+00    1.1221940395E+00    4.0486041771E-03    3.4004972953E-03    9.1828356192E-02
    6.0000000000E+00    1.1314999285E+00    4.0520878666E-03    3.3946528098E-03    9.2556407989E-02
    6.4285714286E+00    1.1407932805E+00    4.0555386650E-03    3.3888783469E-03    9.3283214898E-02
    6.8571428571E+00    1.1500742486E+00    4.0589571975E-03    3.3831723925E-03    9.4008791763E-02
    7.2857142857E+00    1.1593429823E+00    4.0623440717E-03    3.3775334794E-03    9.4733153107E-02
    7.7142857143E+00    1.1685996280E+00    4.0656998779E-03    3.3719601855E-03    9.5456313142E-02
    8.1428571429E+00    1.1778443290E+00    4.0690251900E-03    3.3664511322E-03    9.6178285783E-02
    8.5714285714E+00    1.1870752771E+00    4.0723044605E-03    3.3610315674E-03    9.6899087501E-02
    9.0000000000E+00    1.1962965779E+00    4.0755705898E-03    3.3556467190E-03    9.7618731603E-02
    9.4285714286E+00    1.2055063536E+00    4.0788079235E-03    3.3503221058E-03    9.8337228263E-02
    9.8571428571E+00    1.2147047263E+00    4.0820169013E-03    3.3450566286E-03    9.9054590270E-02
    1.0285714286E+01    1.2238918249E+00    4.0851980231E-03    3.3398491016E-03    9.9770830170E-02
    1.0714285714E+01    1.2330677754E+00    4.0883517758E-03    3.3346983729E-03    1.0048596026E-01
    1.1142857143E+01    1.2422327016E+00    4.0914786337E-03    3.3296033232E-03    1.0119999258E-01
    1.1571428571E+01    1.2513867246E+00    4.0945790586E-03    3.3245628652E-03    1.0191293896E-01
    1.2000000000E+01    1.2605299632E+00    4.0976535007E-03    3.3195759421E-03    1.0262481097E-01
    1.2428571429E+01    1.2696625336E+00    4.1007023985E-03    3.3146415264E-03    1.0333561999E-01
    1.2857142857E+01    1.2787845502E+00    4.1037261794E-03    3.3097586191E-03    1.0404537715E-01
    1.3285714286E+01    1.2878961247E+00    4.1067252602E-03    3.3049262486E-03    1.0475409338E-01
    1.3714285714E+01    1.2969973670E+00    4.1097000473E-03    3.3001434695E-03    1.0546177942E-01
    1.4142857143E+01    1.3060883848E+00    4.1126509370E-03    3.2954093620E-03    1.0616844580E-01
    1.4571428571E+01    1.3151692837E+00    4.1155783161E-03    3.2907230309E-03    1.0687410284E-01
    1.5000000000E+01    1.3242401675E+00    4.1184825617E-03    3.2860836044E-03    1.0757876069E-01
    1.5428571429E+01    1.3333011377E+00    4.1213640422E-03    3.2814902340E-03    1.0828242932E-01
    1.5857142857E+01    1.3423522945E+00    4.1242231171E-03    3.2769420931E-03    1.0898511850E-01
    1.6285714286E+01    1.3513937358E+00    4.1270601371E-03    3.2724383763E-03    1.0968683783E-01
    1.6714285714E+01    1.3604255579E+00    4.1298754450E-03    3.2679782992E-03    1.1038759676E-01
    1.7142857143E+01    1.3694478554E+00    4.1326693756E-03    3.2635610970E-03    1.1108740456E-01
    1.7571428571E+01    1.3784607212E+00    4.1354422557E-03    3.2591860245E-03    1.1178627032E-01
    1.8000000000E+01    1.3874642464E+00    4.1381944050E-03    3.2548523549E-03    1.1248420300E-01
    1.8428571429E+01    1.3964585209E+00    4.1409261355E-03    3.2505593796E-03    1.1318121140E-01
    1.8857142857E+01    1.4054436325E+00    4.1436377525E-03    3.2463064074E-03    1.1387730417E-01
    1.9285714286E+01    1.4144196680E+00    4.1463295543E-03    3.2420927642E-03    1.1457248979E-01
    1.9714285714E+01    1.4233867123E+00    4.1490018325E-03    3.2379177918E-03    1.1526677664E-01
    2.0142857143E+01    1.4323448492E+00    4.1516548725E-03    3.2337808485E-03    1.1596017292E-01
    2.0571428571E+01    1.4412941608E+00    4.1542889532E-03    3.2296813073E-03    1.1665268672E-01
    2.1000000000E+01    1.4502347280E+00    4.1569043475E-03    3.2256185566E-03    1.1734432599E-01
    2.1428571429E+01    1.4591666303E+00    4.1595013226E-03    3.2215919990E-03    1.1803509855E-01
    2.1857142857E+01    1.4680899458E+00    4.1620801397E-03    3.2176010509E-03    1.1872501209E-01
    2.2285714286E+01    1.4770047516E+00    4.1646410546E-03    3.2136451426E-03    1.1941407419E-01
    2.2714285714E+01    1.4859111233E+00    4.1671843177E-03    3.2097237174E-03    1.2010229228E-01
    2.3142857143E+01    1.4948091352E+00    4.1697101740E-03    3.2058362312E-03    1.2078967370E-01
    2.3571428571E+01    1.5036988608E+00    4.1722188636E-03    3.2019821524E-03    1.2147622567E-01
    2.4000000000E+01    1.5125803720E+00    4.1747106215E-03    3.1981609614E-03    1.2216195529E-01
    2.4428571429E+01    1.5214537398E+00    4.1771856779E-03    3.1943721503E-03    1.2284686955E-01
    2.4857142857E+01    1.5303190340E+00    4.1796442584E-03    3.1906152224E-03    1.2353097534E-01
    2.5285714286E+01    1.5391763234E+00    4.1820865839E-03    3.1868896919E-03    1.2421427944E-01
    2.5714285714E+01    1.5480256758E+00    4.1845128708E-03    3.1831950840E-03    1.2489678852E-01
    2.6142857143E+01    1.5568671576E+00    4.1869233315E-03    3.1795309339E-03    1.2557850917E-01
    2.6571428571E+01    1.5657008346E+00    4.1893181738E-03    3.1758967870E-03    1.2625944785E-01
    2.7000000000E+01    1.5745267714E+00    4.1916976017E-03    3.1722921985E-03    1.2693961096E-01
    2.7428571429E+01    1.5833450317E+00    4.1940618150E-03    3.1687167331E-03    1.2761900477E-01
    2.7857142857E+01    1.5921556782E+00    4.1964110097E-03    3.1651699647E-03    1.2829763549E-01
    2.8285714286E+01    1.6009587726E+00    4.1987453779E-03    3.1616514763E-03    1.2897550921E-01
    2.8714285714E+01    1.6097543759E+00    4.2010651084E-03    3.1581608595E-03    1.2965263196E-01
