  -7.4999999999999997E-003
  -5.0000000000000001E-003
  -2.5000000000000001E-003
   0.0000000000000000     
   2.5000000000000001E-003
   5.0000000000000001E-003
   7.4999999999999997E-003
   1.0000000000000000E-002
   1.2500000000000002E-002
   1.4999999999999999E-002
   1.7500000000000002E-002
   2.0000000000000000E-002
   2.2500000000000003E-002
   2.4999999999999998E-002
   2.7500000000000000E-002
   2.9999999999999999E-002
   3.2500000000000001E-002
   3.5000000000000003E-002
   3.7499999999999999E-002
   4.0000000000000001E-002
   4.2500000000000003E-002
   4.5000000000000005E-002
   4.7499999999999994E-002
   4.9999999999999996E-002
   5.2499999999999998E-002
   5.5000000000000000E-002
   5.7500000000000002E-002
   5.9999999999999998E-002
   6.2500000000000000E-002
   6.5000000000000002E-002
   6.7500000000000004E-002
   7.0000000000000007E-002
   7.2499999999999995E-002
   7.4999999999999997E-002
   7.7499999999999999E-002
   8.0000000000000002E-002
   8.2500000000000004E-002
   8.5000000000000006E-002
   8.7500000000000008E-002
   9.0000000000000011E-002
   9.2499999999999985E-002
   9.5000000000000015E-002
   9.7499999999999989E-002
  0.10000000000000002     
  0.10249999999999999     
  0.10500000000000000     
  0.10750000000000000     
  0.11000000000000000     
  0.11250000000000000     
  0.11500000000000000     
  0.11750000000000001     
  0.12000000000000000     
  0.12250000000000000     
  0.12500000000000000     
  0.12750000000000000     
  0.13000000000000000     
  0.13250000000000001     
  0.13500000000000001     
  0.13750000000000001     
  0.14000000000000001     
  0.14250000000000002     
  0.14499999999999999     
  0.14749999999999999     
  0.14999999999999999     
  0.15250000000000000     
  0.15500000000000000     
  0.15750000000000000     
  0.16000000000000000     
  0.16250000000000001     
  0.16500000000000001     
  0.16750000000000001     
  0.17000000000000001     
  0.17250000000000001     
  0.17500000000000002     
  0.17749999999999999     
  0.18000000000000002     
  0.18250000000000000     
  0.18499999999999997     
  0.18750000000000000     
  0.19000000000000003     
  0.19250000000000000     
  0.19499999999999998     
  0.19750000000000001     
  0.20000000000000004     
  0.20250000000000001     
  0.20499999999999999     
  0.20750000000000002     
  0.20999999999999996     
  0.21250000000000002     
  0.21500000000000000     
  0.21750000000000000     
  0.21999999999999997     
  0.22250000000000003     
  0.22500000000000001     
  0.22750000000000001     
  0.22999999999999998     
  0.23250000000000004     
  0.23500000000000001     
  0.23750000000000002     
  0.23999999999999999     
  0.24250000000000002     
  0.24500000000000000     
  0.24749999999999997     
  0.25000000000000000     
  0.25250000000000000     
  0.25500000000000000     
  0.25750000000000001     
  0.26000000000000001     
  0.26249999999999996     
  0.26499999999999996     
  0.26750000000000002     
  0.27000000000000002     
  0.27249999999999996     
  0.27499999999999997     
  0.27749999999999997     
  0.27999999999999997     
  0.28250000000000003     
  0.28500000000000003     
  0.28750000000000003     
  0.28999999999999998     
  0.29250000000000004     
  0.29499999999999998     
  0.29750000000000004     
  0.29999999999999999     
  0.30250000000000005     
  0.30499999999999999     
  0.30750000000000005     
  0.31000000000000000     
  0.31249999999999994     
  0.31500000000000000     
  0.31749999999999995     
  0.32000000000000001     
  0.32249999999999995     
  0.32500000000000001     
  0.32749999999999996     
  0.33000000000000002     
  0.33249999999999996     
  0.33500000000000002     
  0.33749999999999997     
  0.34000000000000002     
  0.34250000000000003     
  0.34500000000000003     
  0.34749999999999998     
  0.35000000000000003     
  0.35250000000000004     
  0.35499999999999998     
  0.35749999999999998     
  0.36000000000000004     
  0.36249999999999999     
  0.36499999999999999     
  0.36749999999999999     
  0.37000000000000005     
  0.37250000000000005     
  0.37500000000000000     
  0.37749999999999995     
  0.37999999999999995     
  0.38250000000000001     
  0.38499999999999995     
  0.38749999999999996     
  0.38999999999999996     
  0.39250000000000002     
  0.39500000000000002     
  0.39749999999999996     
  0.39999999999999997     
  0.40250000000000002     
  0.40500000000000003     
  0.40750000000000003     
  0.41000000000000009     
  0.41250000000000003     
  0.41500000000000004     
  0.41749999999999998     
  0.41999999999999998     
  0.42250000000000004     
  0.42500000000000004     
  0.42750000000000005     
  0.42999999999999999     
  0.43250000000000005     
  0.43500000000000000     
  0.43750000000000000     
  0.43999999999999995     
  0.44249999999999995     
  0.44500000000000001     
  0.44750000000000001     
  0.45000000000000001     
  0.45249999999999996     
  0.45500000000000002     
  0.45749999999999996     
  0.45999999999999996     
  0.46249999999999991     
  0.46500000000000002     
  0.46750000000000003     
  0.47000000000000003     
  0.47250000000000009     
  0.47500000000000003     
  0.47750000000000004     
  0.48000000001373039     
  0.48250000059496728     
  0.48500001195537051     
  0.48750014806706293     
  0.49000126821037560     
  0.49250800019483160     
  0.49503872533624144     
  0.49764838269541850     
  0.50046254757401487     
  0.50370530453294349     
  0.50770068783948774     
  0.51285480687550022     
  0.51965182896822337     
  0.52868431708310759     
  0.54071116497075156     
  0.55673107080508832     
  0.57807090733748356     
  0.60649748112720336     
  0.64436423728113568     
  0.69480616718640531     
  0.76199936120908651     
  0.85150674785049263     
  0.97073864893663275     
   1.1295662805998132     
   1.3411389918451875     
   1.6229728821067042     
   1.9984002649888526     
   2.4984890706426364     
   3.1644853578593253     
   4.0503219571000173     
   5.2226920382612461     
   6.7516294645437895     
   8.6812941750216446     
   10.981473394059789     
   13.510868400788580     
